--github.com/devix7
game.Players.LocalPlayer.Character.HumanoidRootPart.CFrame = CFrame.new(6855.55762, 50.3085709, -403.958405, -0.635989189, 0, -0.771699786, 0, 1, 0, 0.771699786, 0, -0.63598)
  task.wait(1.1)
game.Players.LocalPlayer.Character.HumanoidRootPart.CFrame = CFrame.new(6668.5, 23.1917419, -261.49884, 0.922539353, 0.0602271147, -0.381174773, -0.0500794873, 0.998080134, 0.0364952758, 0.382638842, -0.0145791825, 0.923782)
  task.wait(1.1)
game.Players.LocalPlayer.Character.HumanoidRootPart.CFrame = CFrame.new(6824.14697, 45.4163322, -365.827576, 0.695602298, 0, -0.718427598, 0, 1, 0, 0.71842736, 0, 0.69560211)
  task.wait(1.1)
game.Players.LocalPlayer.Character.HumanoidRootPart.CFrame = CFrame.new(6835.4043, 163.07666, -160.54335, -0.925862789, 0.0522637255, -0.37422815, 0.0485636331, 0.998633325, 0.0193171669, 0.374726206, -0.000288838433, -0.927135)
  task.wait(1.1)
game.Players.LocalPlayer.Character.HumanoidRootPart.CFrame = CFrame.new(6690.25439, 27.6850586, -354.593323, 0.0632527247, 0.0522661917, 0.996628642, -0.00359786837, 0.998632908, -0.0521430224, -0.997991145, -0.00028755347, 0.0633)
  task.wait(1.1)
game.Players.LocalPlayer.Character.HumanoidRootPart.CFrame = CFrame.new(6571.60498, 22.8144531, -217.643356, -0.605293989, 0.0522665344, -0.794283867, 0.0319101997, 0.998633921, 0.0413953811, 0.795360088, -0.000289328134, -0.6061362)
  task.wait(1.1)
game.Players.LocalPlayer.Character.HumanoidRootPart.CFrame = CFrame.new(6544.69141, 20.6778126, -375.689575, -0.520768344, 0.00137623609, 0.853696942, 0.000828224176, 0.999999046, -0.00110685872, -0.853697717, 0.000130635439, -0.520768)
  task.wait(1.1)
game.Players.LocalPlayer.Character.HumanoidRootPart.CFrame = CFrame.new(6817.20068, 18.758131, -317.736328, 0.998859584, 0, 0.0477443375, 0, 1, 0, -0.04774433, 0, 0.998859763)
  task.wait(1.1)
game.Players.LocalPlayer.Character.HumanoidRootPart.CFrame = CFrame.new(6619.75439, 19.4956055, -423.343323, -0.944235802, 0.0522616729, 0.325096697, 0.0493160971, 0.998633623, -0.0173002109, -0.325556666, -0.000302974484, -0.9455227)
  task.wait(1.1)
game.Players.LocalPlayer.Character.HumanoidRootPart.CFrame = CFrame.new(6832.50488, -17.7197266, -301.293335, -0.998572111, 0.0522636846, -0.0110806851, 0.0522638112, 0.998633027, 0.000278920605, 0.0110801235, -0.000300596672, -0.99993)
  task.wait(1.1)
game.Players.LocalPlayer.Character.HumanoidRootPart.CFrame = CFrame.new(6592.68359, 23.0791016, -168.893417, 0.600214779, 0.0522646867, -0.79812932, -0.031172242, 0.998635113, 0.0419519022, 0.799232781, -0.000300630607, 0.601022542)
  task.wait(1.1)
game.Players.LocalPlayer.Character.HumanoidRootPart.CFrame = CFrame.new(6812.46289, 45.668457, -303.94342, 0.505180299, 0.0522607081, 0.861430228, -0.0266929995, 0.998633206, -0.0449305475, -0.862600863, -0.000296122453, 0.50588506)
  task.wait(1.1)
game.Players.LocalPlayer.Character.HumanoidRootPart.CFrame = CFrame.new(6821.35938, 53.8428917, -462.843994, -0.998612761, 0.052264709, 0.00681293476, 0.0522614345, 0.998635471, -0.000656610122, -0.00683788443, -0.000299644977, -0.)
  task.wait(1.1)
game.Players.LocalPlayer.Character.HumanoidRootPart.CFrame = CFrame.new(6605.4834, 22.9951172, -147.44339, 0.663164616, 0.052266337, -0.746650636, -0.0344881825, 0.998635352, 0.0392731801, 0.747678697, -0.000294247468, 0.6640588)
  task.wait(1.1)
game.Players.LocalPlayer.Character.HumanoidRootPart.CFrame = CFrame.new(6585.51318, 42.7280273, -270.847992, -0.0225600377, 0.052263625, 0.998379052, 0.000885697664, 0.998632848, -0.0522569865, -0.999745011, -0.000294657424, -0.0225755)
  task.wait(1.1)
game.Players.LocalPlayer.Character.HumanoidRootPart.CFrame = CFrame.new(6799.21338, 27.7841797, -257.44342, 0.962697446, 0.0522610918, -0.265487134, -0.0503007583, 0.99863416, 0.0141825834, 0.265865594, -0.000299331237, 0.9640101)
  task.wait(1.1)
game.Players.LocalPlayer.Character.HumanoidRootPart.CFrame = CFrame.new(6545.78369, 24.9765625, -467.44342, -0.973957956, 0.0522611476, 0.220622852, 0.0509033352, 0.998633504, -0.0118391924, -0.220940024, -0.000300431391, -0.975287)
  task.wait(1.1)
game.Players.LocalPlayer.Character.HumanoidRootPart.CFrame = CFrame.new(6509.79004, 45.1081467, -310.759979, 0.707589149, 0, 0.706627786, 0, 1, 0, -0.706627786, 0, 0.7075891)
  task.wait(1.1)
game.Players.LocalPlayer.Character.HumanoidRootPart.CFrame = CFrame.new(6841.98438, 75.0444336, -384.293427, 0.304873258, 0.0522545576, 0.950958371, -0.016235901, 0.998633683, -0.0496691391, -0.952254593, -0.000296878512, 0.3053049)
  task.wait(1.1)
game.Players.LocalPlayer.Character.HumanoidRootPart.CFrame = CFrame.new(6771.7627, 18.2456055, -447.2435, -0.784280419, 0.0522507466, -0.618202209, 0.0412206352, 0.99863416, 0.0321105421, 0.619035542, -0.000299008359, -0.78536284)
  task.wait(1.1)
game.Players.LocalPlayer.Character.HumanoidRootPart.CFrame = CFrame.new(6860.50439, 19.1357422, -434.943329, 0.927397013, 0.0522533841, -0.37041527, -0.0484141149, 0.998634577, 0.0196615867, 0.370936483, -0.000300791871, 0.92865800)
  task.wait(1.1)
game.Players.LocalPlayer.Character.HumanoidRootPart.CFrame = CFrame.new(6727.73389, 17.6879883, -424.393402, -0.644383371, 0.052252464, 0.762915313, 0.0334873796, 0.998633921, -0.0401123948, -0.763969004, -0.000299728214, -0.645)
  task.wait(1.1)
game.Players.LocalPlayer.Character.HumanoidRootPart.CFrame = CFrame.new(6878.95605, 11.3461914, -450.593353, 0.83954972, 0.0522562675, -0.540766656, -0.0437676236, 0.998632669, 0.0285522901, 0.541519463, -0.000303028675, 0.8406900)
  task.wait(1.1)
game.Players.LocalPlayer.Character.HumanoidRootPart.CFrame = CFrame.new(6907.86328, -17.5039062, -383.693451, -0.333753675, 0.0522555821, 0.941210449, 0.0171845909, 0.998634458, -0.0493499599, -0.94250381, -0.00029641157, -0.33419555)
  task.wait(1.1)
